000000000000000000000000000000000000000000000000000000000000000000000000000000000
000000000000000000000000000000000000000000000000000000000000000000000000000000000
000000000000000000000000000000000000000000000000000000000000000000000000000000000
000000000000000000000000000000000000000000000000000000000000000000000000000000000
000000000000000000000000000000000000000000000000000000000000000000000000000000000
000000000000000000000000000000000000000000000000000000000000000000000000000000000
000000000000000000000000000000000000000000000000000000000000000000000000000000000
000000000000000000000000000000000000000000000000000000000000000000000000000000000
000000000000000000000000000000000000000000000000000000000000000000000000000000000
000000000000000000000000000000000000000000000000000000000000000000000000000000000
000000000000000000000000000000000000000000000000000000000000000000000000000000000
000000000000000000000000000000000000000000000000000000000000000000000000000000000
000000000000000000000000000000000000000000000000000000000000000000000000000000000
000000000000000000000000000000000000000000000000000000000000000000000000000000000
000000000000000000000000000000000000000000000000000000000000000000000000000000000
000000000000000000000000110000000000000000000000000000000000000000000000000000000
000000000000000000000000111000100000000010101000000000000100000000000000000000000
000000000000000000000000001000100000000111111110000000011110000000000000000000000
000000000000000000000011111111110000001111111010000000001111000000000000000000000
000000000000000000000011111111100000011111111000000000111100000000000000000000000
000000000000000000000000111111110000111111111100000000111110000000000000000000000
000000000000000000000011111111100000011111110000010111111000000000000000000000000
000000000000000000000011111110000000011111111101110111111000000000000000000000000
000000000000000000000001111110010000111111111111111111111000000000000000000000000
000000000000000000001011111110111101111111111111111111111111100000000000000000000
000000000000000000000011111111111111111111111111111111111111110000000000000000000
000000000000000000000001111111111111111111111111111111111111111000000000000000000
000000000000000000000000111111111111111111111111111111111111111000000000000000000
000000000000000000100011111111111111111111111111111111111111111100000000000000000
000000000000000001111111111111111111111111111111111111111111111110000000000000000
000000000000000000111111111111111111111111111111111111111111111100000000000000000
000000000000000001111111111111111111111111111111111111111111111000000000000000000
000000000000000001111111111111111111111111111111111111111111000000000000000000000
000000000000000000010011111111111111111111111111111111111110000000000000000000000
000000000000000000000010111111111111111111111111111111111111000100000000000000000
000000000000000000000000011111111111111111111111111111111111011110000000000000000
000000000000000000000001111111111111111111111111111111111111111111000000000000000
000000000000000000000000001111111111111111111111111111111111111110000000000000000
000000000000000000000000001111111111111111111111111111111111011111000000000000000
000000000000000000000010001111111111111111111111111111111111001110000000000000000
000000000000000000000010100111111111111111111111111111111111000000000000000000000
000000000000000000001111111111111111111111111111111111111000000000000000000000000
000000000000000000000111111111111111111111111111111111110000000000000000000000000
000000000000000000000011111111111011111111111111111111110000000000000000000000000
000000000000000000000010100111110000011111111111111111111000000000000000000000000
000000000000000000000000000111100001001111111111111111100000000000000000000000000
000000000000000000000000000011000001101111111111111111110000000000000000000000000
000000000000000000000000000000000001111111111111111111111000000000000000000000000
000000000000000000000000000000000001111111111111111111100000000000000000000000000
000000000000000000000000000000111111111111111111111111110000000000000000000000000
000000000000000000000000000000111111111110111111111111100000000000000000000000000
000000000000000000000000000000011111111000111111111111100000000000000000000000000
000000000000000000000000000000011111110001001111111111100000000000000000000000000
000000000000000000000000000000111111110000000011111111100000000000000000000000000
000000000000000000000000000000011011110000000011111111100000000000000000000000000
000000000000000000000000000000001010110000000011111000000000000000000000000000000
000000000000000000000000000000000000110000000000001100000000000000000000000000000
000000000000000000000000000000000000111100000000000100000000000000000000000000000
000000000000000000000000000000000001101000000000000010000000000000000000000000000
000000000000000000000000000000000000100000000000000011000000000000000000000000000
000000000000000000000000000000000000000000000000000010000000000000000000000000000
000000000000000000000000000000000000000000000000000011000000000000000000000000000
000000000000000000000000000000000000000000000000000001000000000000000000000000000
000000000000000000000000000000000000000000000000000011110000000000000000000000000
000000000000000000000000000000000000000000000000000011110000000000000000000000000
000000000000000000000000000000000000000000000000000001100000000000000000000000000
000000000000000000000000000000000000000000000000000000000000000000000000000000000
000000000000000000000000000000000000000000000000000000000000000000000000000000000
000000000000000000000000000000000000000000000000000000000000000000000000000000000
000000000000000000000000000000000000000000000000000000000000000000000000000000000
000000000000000000000000000000000000000000000000000000000000000000000000000000000
000000000000000000000000000000000000000000000000000000000000000000000000000000000
000000000000000000000000000000000000000000000000000000000000000000000000000000000
000000000000000000000000000000000000000000000000000000000000000000000000000000000
000000000000000000000000000000000000000000000000000000000000000000000000000000000
000000000000000000000000000000000000000000000000000000000000000000000000000000000
000000000000000000000000000000000000000000000000000000000000000000000000000000000
000000000000000000000000000000000000000000000000000000000000000000000000000000000
