img\Paciente 11.jpg
360 65 480 200
000000000000000000000000000000000000000000000000000000000000000000000000000000000000000000000000000000000000000000000000
000000000000000000000000000000000000000000000000000000000000000000000000000000000000000000000000000000000000000000000000
000000000000000000000000000000000000000000000000000000000000000000000000000000000000000000000000000000000000000000000000
000000000000000000000000000000000000000000000000000000000000000000000000000000000000000000000000000000000000000000000000
000000000000000000000000000000000000000000000000000000000000000000000000000000000000000000000000000000000000000000000000
000000000000000000000000000000000000000000000000000000000000000000000000000000000000000000000000000000000000000000000000
000000000000000000000000000000000000000000000000000000000000000000000000000000000000000000000000000000000000000000000000
000000000000000000000000000000000000000000000000000000000000000000000000000000000000000000000000000000000000000000000000
000000000000000000000000000000000000000000000000000000000000000000000000000000000000000000000000000000000000000000000000
000000000000000000000000000000000000000000000000000000000000000000000000000000000000000000000000000000000000000000000000
000000000000000000000000000000000000000000000000000000000000000000000000000000000000000000000000000000000000000000000000
000000000000000000000000000000000000000000000000000000000000000000000000000000000000000000000000000000000000000000000000
000000000000000000000000000000000000000000000000000000000000000000000000000000000000000000000000000000000000000000000000
000000000000000000000000000000000000000000000000000000000000000000000000000000000000000000000000000000000000000000000000
000000000000000000000000000000000000000000000000000000000000000000000000000000000000000000000000000000000000000000000000
000000000000000000000000000000000000000000000000000000000000000000000000000000000000000000000000000000000000000000000000
000000000000000000000000000000000000000000000000000000000000000000000000000000000000000000000000000000000000000000000000
000000000000000000000000000000000000000000000000000000000000000000000000000000000000000000000000000000000000000000000000
000000000000000000000000000000000000000000000000000000000000000000000000000000000000000000000000000000000000000000000000
000000000000000000000000000000000000000000000000000000000000000000000000000000000000000000000000000000000000000000000000
000000000000000000000000000000000000000000000000000000000000000000000000000000000000000000000000000000000000000000000000
000000000000000000000000000000000000000000000000000000000000000000000000000000000000000000000000000000000000000000000000
000000000000000000000000000000000000000000000000000000000000000000000000000000000000000000000000000000000000000000000000
000000000000000000000000000000000000000000000000000000000000000000000000000000000000000000000000000000000000000000000000
000000000000000000000000000000000000000000000000000000000000000000000000000000000000000000000000000000000000000000000000
000000000000000000000000000000000000000000000000000000000000000000000000000000000000000000000000000000000000000000000000
000000000000000000000000000000000000000000000000000000000000000000000000000000000000000000000000000000000000000000000000
000000000000000000000000000000000000000000000000000000000000000000000000000000000000000000000000000000000000000000000000
000000000000000000000000000000000000000000000000000000000000000000000000000000000000000000000000000000000000000000000000
000000000000000000000000000000000000000000000000000000000000000000000000000000000000000000000000000000000000000000000000
000000000000000000000000000000000000000000000000000000000000000000000000000000000000000000000000000000000000000000000000
000000000000000000000000000000000000000000000000000000000000000000000000000000000000000000000000000000000000000000000000
000000000000000000000000000000000000000000000000000000000000000000000000000000000000000000000000000000000000000000000000
000000000000000000000000000000000000000000000000000000000000000000000000000000000000000000000000000000000000000000000000
000000000000000000000000000000000000000000000000000000000000000000000000000000000000000000000000000000000000000000000000
000000000000000000000000000000000000000000000000000000000000000000000000000000000000000000000000000000000000000000000000
000000000000000000000000000000000000000000000000000000000000000000000000000000000000000000000000000000000000000000000000
000000000000000000000000000000000000000000000000000000000000000000000000000000000000000000000000000000000000000000000000
000000000000000000000000000000000000000000000000000000000000000000000000000000000000000000000000000000000000000000000000
000000000000000000000000000000000000000000000000000000000000000000000000000000000000000000000000000000000000000000000000
000000000000000000000000000000000000000000000111111111111111111111111111111111110000000000000000000000000000000000000000
000000000000000000000000000000000000000000000111111111111111111111111111111111110000000000000000000000000000000000000000
000000000000000000000000000000000000000000000111111111111111111111111111111111110000000000000000000000000000000000000000
000000000000000000000000000000000000000000000111111111111111111111111111111111110000000000000000000000000000000000000000
000000000000000000000000000000000000000000000111111111111111111111111111111111110000000000000000000000000000000000000000
000000000000000000000000000000000000000011111111111111111111111111111111111111111111100000000000000000000000000000000000
000000000000000000000000000000000000000011111111111111111111111111111111111111111111100000000000000000000000000000000000
000000000000000000000000000000000000000011111111111111111111111111111111111111111111100000000000000000000000000000000000
000000000000000000000000000000000000000011111111111111111111111111111111111111111111100000000000000000000000000000000000
000000000000000000000000000000000000000011111111111111111111111111111111111111111111100000000000000000000000000000000000
000000000000000000000000000000000001111111111111111111111111111111111111111111111111111111000000000000000000000000000000
000000000000000000000000000000000001111111111111111111111111111111111111111111111111111111000000000000000000000000000000
000000000000000000000000000000000001111111111111111111111111111111111111111111111111111111000000000000000000000000000000
000000000000000000000000000000000001111111111111111111111111111111111111111111111111111111000000000000000000000000000000
000000000000000000000000000000000001111111111111111111111111111111111111111111111111111111000000000000000000000000000000
000000000000000000000000000000111111111111111111111111111111111111111111111111111111111111111110000000000000000000000000
000000000000000000000000000000111111111111111111111111111111111111111111111111111111111111111110000000000000000000000000
000000000000000000000000000000111111111111111111111111111111111111111111111111111111111111111110000000000000000000000000
000000000000000000000000000000111111111111111111111111111111111111111111111111111111111111111110000000000000000000000000
000000000000000000000000000000111111111111111111111111111111111111111111111111111111111111111110000000000000000000000000
000000000000000000000000011111111111111111111111111111111111111111111111111111111111111111111110000000000000000000000000
000000000000000000000000011111111111111111111111111111111111111111111111111111111111111111111110000000000000000000000000
000000000000000000000000011111111111111111111111111111111111111111111111111111111111111111111110000000000000000000000000
000000000000000000000000011111111111111111111111111111111111111111111111111111111111111111111110000000000000000000000000
000000000000000000000000011111111111111111111111111111111111111111111111111111111111111111111110000000000000000000000000
000000000000000000000000011111111111111111111111111111111111111111111111111111111111111111111110000000000000000000000000
000000000000000000000000011111111111111111111111111111111111111111111111111111111111111111111110000000000000000000000000
000000000000000000000000011111111111111111111111111111111111111111111111111111111111111111111110000000000000000000000000
000000000000000000000000011111111111111111111111111111111111111111111111111111111111111111111110000000000000000000000000
000000000000000000000000011111111111111111111111111111111111111111111111111111111111111111111110000000000000000000000000
000000000000000000001111111111111111111111111111111111111111111111111111111111111111111111111111111100000000000000000000
000000000000000000001111111111111111111111111111111111111111111111111111111111111111111111111111111100000000000000000000
000000000000000000001111111111111111111111111111111111111111111111111111111111111111111111111111111100000000000000000000
000000000000000000001111111111111111111111111111111111111111111111111111111111111111111111111111111100000000000000000000
000000000000000000001111111111111111111111111111111111111111111111111111111111111111111111111111111100000000000000000000
000000000000000000000000011111111111111111111111111111111111111111111111111111111111111111111111111100000000000000000000
000000000000000000000000011111111111111111111111111111111111111111111111111111111111111111111111111100000000000000000000
000000000000000000000000011111111111111111111111111111111111111111111111111111111111111111111111111100000000000000000000
000000000000000000000000011111111111111111111111111111111111111111111111111111111111111111111111111100000000000000000000
000000000000000000000000011111111111111111111111111111111111111111111111111111111111111111111111111100000000000000000000
000000000000000000000000011111111111111111111111111111111111111111111111111111111111111111111111111100000000000000000000
000000000000000000000000011111111111111111111111111111111111111111111111111111111111111111111111111100000000000000000000
000000000000000000000000011111111111111111111111111111111111111111111111111111111111111111111111111100000000000000000000
000000000000000000000000011111111111111111111111111111111111111111111111111111111111111111111111111100000000000000000000
000000000000000000000000011111111111111111111111111111111111111111111111111111111111111111111111111100000000000000000000
000000000000000000000000011111111111111111111111111111111111111111111111111111111111111111111110000000000000000000000000
000000000000000000000000011111111111111111111111111111111111111111111111111111111111111111111110000000000000000000000000
000000000000000000000000011111111111111111111111111111111111111111111111111111111111111111111110000000000000000000000000
000000000000000000000000011111111111111111111111111111111111111111111111111111111111111111111110000000000000000000000000
000000000000000000000000011111111111111111111111111111111111111111111111111111111111111111111110000000000000000000000000
000000000000000000000000000000111111111111111111111111111111111111111111111111111111111111111110000000000000000000000000
000000000000000000000000000000111111111111111111111111111111111111111111111111111111111111111110000000000000000000000000
000000000000000000000000000000111111111111111111111111111111111111111111111111111111111111111110000000000000000000000000
000000000000000000000000000000111111111111111111111111111111111111111111111111111111111111111110000000000000000000000000
000000000000000000000000000000111111111111111111111111111111111111111111111111111111111111111110000000000000000000000000
000000000000000000000000000000111111111111111111111111111111111111111111111111111111111111000000000000000000000000000000
000000000000000000000000000000111111111111111111111111111111111111111111111111111111111111000000000000000000000000000000
000000000000000000000000000000111111111111111111111111111111111111111111111111111111111111000000000000000000000000000000
000000000000000000000000000000111111111111111111111111111111111111111111111111111111111111000000000000000000000000000000
000000000000000000000000000000111111111111111111111111111111111111111111111111111111111111000000000000000000000000000000
000000000000000000000000000000000001111111111111111111111111111111111111111111111111111111000000000000000000000000000000
000000000000000000000000000000000001111111111111111111111111111111111111111111111111111111000000000000000000000000000000
000000000000000000000000000000000001111111111111111111111111111111111111111111111111111111000000000000000000000000000000
000000000000000000000000000000000001111111111111111111111111111111111111111111111111111111000000000000000000000000000000
000000000000000000000000000000000001111111111111111111111111111111111111111111111111111111000000000000000000000000000000
000000000000000000000000000000000000000011111111111111111111111111111111111111111111100000000000000000000000000000000000
000000000000000000000000000000000000000011111111111111111111111111111111111111111111100000000000000000000000000000000000
000000000000000000000000000000000000000011111111111111111111111111111111111111111111100000000000000000000000000000000000
000000000000000000000000000000000000000011111111111111111111111111111111111111111111100000000000000000000000000000000000
000000000000000000000000000000000000000011111111111111111111111111111111111111111111100000000000000000000000000000000000
000000000000000000000000000000000000000000000111111111111111111111111111111111110000000000000000000000000000000000000000
000000000000000000000000000000000000000000000111111111111111111111111111111111110000000000000000000000000000000000000000
000000000000000000000000000000000000000000000111111111111111111111111111111111110000000000000000000000000000000000000000
000000000000000000000000000000000000000000000111111111111111111111111111111111110000000000000000000000000000000000000000
000000000000000000000000000000000000000000000111111111111111111111111111111111110000000000000000000000000000000000000000
000000000000000000000000000000000000000000000000001111111111111111111100000000000000000000000000000000000000000000000000
000000000000000000000000000000000000000000000000001111111111111111111100000000000000000000000000000000000000000000000000
000000000000000000000000000000000000000000000000001111111111111111111100000000000000000000000000000000000000000000000000
000000000000000000000000000000000000000000000000001111111111111111111100000000000000000000000000000000000000000000000000
000000000000000000000000000000000000000000000000001111111111111111111100000000000000000000000000000000000000000000000000
000000000000000000000000000000000000000000000000000000000000000000000000000000000000000000000000000000000000000000000000
000000000000000000000000000000000000000000000000000000000000000000000000000000000000000000000000000000000000000000000000
000000000000000000000000000000000000000000000000000000000000000000000000000000000000000000000000000000000000000000000000
000000000000000000000000000000000000000000000000000000000000000000000000000000000000000000000000000000000000000000000000
000000000000000000000000000000000000000000000000000000000000000000000000000000000000000000000000000000000000000000000000
000000000000000000000000000000000000000000000000000000000000000000000000000000000000000000000000000000000000000000000000
000000000000000000000000000000000000000000000000000000000000000000000000000000000000000000000000000000000000000000000000
000000000000000000000000000000000000000000000000000000000000000000000000000000000000000000000000000000000000000000000000
000000000000000000000000000000000000000000000000000000000000000000000000000000000000000000000000000000000000000000000000
000000000000000000000000000000000000000000000000000000000000000000000000000000000000000000000000000000000000000000000000
000000000000000000000000000000000000000000000000000000000000000000000000000000000000000000000000000000000000000000000000
000000000000000000000000000000000000000000000000000000000000000000000000000000000000000000000000000000000000000000000000
000000000000000000000000000000000000000000000000000000000000000000000000000000000000000000000000000000000000000000000000
000000000000000000000000000000000000000000000000000000000000000000000000000000000000000000000000000000000000000000000000
000000000000000000000000000000000000000000000000000000000000000000000000000000000000000000000000000000000000000000000000
