000000000000000000000000000000000000000000000000000000000000000000000000000000000000000000000000000
000000000000000000000000000000000000000000000000000000000000000000000000000000000000000000000000000
000000000000000000000000000000000000000000000000000000000000000000000000000000000000000000000000000
000000000000000000000000000000000000000000000000000000000000000000000000000000000000000000000000000
000000000000000000000000000000000000000000000000000000000000000000000000000000000000000000000000000
000000000000000000000000000000000000000000000000000000000000000000000000000000000000000000000000000
000000000000000000000000000000000000000000000000000000000000000000000000000000000000000000000000000
000000000000000000000000000000000000000000000000000000000000000000000000000000000000000000000000000
000000000000000000000000000000000000000000000000000000000000000000000000000000000000000000000000000
000000000000000000000000000000000000000000000000000000000000000000000000000000000000000000000000000
000000000000000000000000000000000000000000000000000000000000000000000000000000000000000000000000000
000000000000000000000000000000000000000000000000000000000000000000000000000000000000000000000000000
000000000000000000000000000000000000000000000000000000000000000000000000000000000000000000000000000
000000000000000000000000000000000000000000000000000000000000000000000000000000000000000000000000000
000000000000000000000000000000000000000000000000000000000000000000000000000000000000000000000000000
000000000000000000000000000000000000000000000000000110000000000000000000000000000000000000000000000
000000000000000000000000000000000000000000000000001110000000000000000000000000000000000000000000000
000000000000000000000000000000000000000000000000001110000000000000000000000000000000000000000000000
000000000000000000000000000000000000000000000000011111000000000000000000000000000000000000000000000
000000000000000000000000000000000000000000000000011111000000000000000000000000000000000000000000000
000000000000000000000000000000000000000000010100111110000000000000000000000000000000000000000000000
000000000000000000000000000000000010000000000000111110000000000000000000000000000000000000000000000
000000000000000000000000000000000111110000110101111111000000000000000000000000000000000000000000000
000000000000000000000000000000001111110001111111111110000000000000000000000000000000000000000000000
000000000000000000000000000000000111110111111111111110000000000000000000000000000000000000000000000
000000000000000000000000000000000111111111111111111100000000000000000000000000000000000000000000000
000000000000000000000000000000000111111111111111111101011000000000000000000000000000000000000000000
000000000000000000000011000000001111111111111111111111111000000000000000000000000000000000000000000
000000000000000000000111100000001111111111111111111111111100100000000000000000000000000000000000000
000000000000000000001111100000111111111111111111111111111110111000000000000000000000000000000000000
000000000000000001000111100111111111111111111111111111111111111000000000000000000000000000000000000
000000000000000000000001111111111111111111111111111111111111110000000000000000000000000000000000000
000000000000000000000111111111111111111111111111111111111111111010000000000000000000000000000000000
000000000000000000001111111111111111111111111111111111111111111111000000000000000000000000000000000
000000000000000000000011111111111111111111111111111111111111111110000000000000000000000000000000000
000000000000000000000111111111111111111111111111111111111111111110000000000000000000000000000000000
000000000000000000000111111111111111111111111111111111111111111110000000000000000000000000000000000
000000000000000000001111111111111111111111111111111111111111111111000000000000000000000000000000000
000000000000000000000111111111111111111111111111111111111111111111000000000000000000000000000000000
000000000000000000001111111111111111111111111111111111111111111110000000000000000000000000000000000
000000000000000000000111111111111111111111111111111111111111111111000000000000000000000000000000000
000000000000000000000011111111111111111111111111111111111111111111110000000000000000000000000000000
000000000000000000001111111111111111111111111111111111111111111111110000000000000000000000000000000
000000000000000000000111111111111111111111111111111111111111111111100000000000000000000000000000000
000000000000000000000011111111111111111111111111111111111111111111111100100000000000000000000000000
000000000000000000011111111111111111111111111111111111111111111111111101010000000000000000000000000
000000000000000000011111111111111111111111111111111111111111111111111111110000000000000000000000000
000000000000000000111111111111111111111111111111111111111111111111111111111000000000000000000000000
000000000000000000100111111111111111111111111111111111111111111111111111110000000000000000000000000
000000000000000000000111111111111111111111111111111111111111111111111110100000000000000000000000000
000000000000000000000011111111111111111111111111111111111111111111110100000000000000000000000000000
000000000000000000000011111111111111111111111111111111111111111111100000000000000000000000000000000
000000000000000000000111111111111111111111111111111111111111111111100000000000000000000000000000000
000000000000000000000111111111111111111111111111111111111111111111100000000000000000000000000000000
000000000000000000000011111111111111111111111111111111111111111111000000000000000000000000000000000
000000000000000000000011111111111111111111111111111111111111111111000000000000000000000000000000000
000000000000000000000111111111111111111111111111111111111111111111000000000000000000000000000000000
000000000000000000000111111111111111111111111111111111111111111111001010000000000000000000000000000
000000000000000000000001111111111111111111111111111111111111111111111110000000000000000000000000000
000000000000000000000000011111111111111111111111111111111111111111111110100000000000000000000000000
000000000000000000000000001111111111111111111111111111111111111111111111110000000000000000000000000
000000000000000000000000111111111111111111111111111111111111111111111111100000000000000000000000000
000000000000000000000000111111111111111111111111111111111111111111111111110000000000000000000000000
000000000000000000000000000111111111111111111111111111111111111111111110100000000000000000000000000
000000000000000000000000001111111111111111111111111111111111111111111100000000000000000000000000000
000000000000000000000000011111111111111111111111111111111111111111111100000000000000000000000000000
000000000000000000000000001111111111111111111111111111111111111111111110000100000000000000000000000
000000000000000000000000001111111111111111111111111111111111111111111110011110000000000000000000000
000000000000000000000000000111111111111111111111111111111111111111111111011111000000000000000000000
000000000000000000000000000011111111111111111111111111111111111111111111111110000000000000000000000
000000000000000000000000000111111111111111111111111111111111111111111111111100000000000000000000000
000000000000000000000000000111111111111111111111111111111111111111111111111000000000000000000000000
000000000000000000000000001111111111111111111111111111111111111111111111111000000000000000000000000
000000000000000000000000000001111111111111111111111111111111111111111111111000000000000000000000000
000000000000000000000000001111111111111111111111111111111111111111111111111100000000000000000000000
000000000000000000000000001011111111111111111111111111111111111111111111110100000000000000000000000
000000000000000000000000000011111111111111111111111111111111111111111111100000000000000000000000000
000000000000000000000000000001111111111111111111111111111111111111111111100000000000000000000000000
000000000000000000000000000000011111111111111111111111111111111111111110000000000000000000000000000
000000000000000000000000000001111111111111111111111111111111111111111110000000000000000000000000000
000000000000000000000000000011111111111111111111111111111111111111111100000000000000000000000000000
000000000000000000000000000000011111111111111111111111111111111111110000000000000000000000000000000
000000000000000000000000000010111111111111111111111111111111111110000000000000000000000000000000000
000000000000000000000000000001111111111111111111111111111111111111000000000000000000000000000000000
000000000000000000000000000011111111111111111111111111111111111000000000000000000000000000000000000
000000000000000000000000000011111111111111111111111111111111111101000000000000000000000000000000000
000000000000000000000000000011111111111111111111111111111111111001000000000000000000000000000000000
000000000000000000000000000111111111111111111111111111111111111000000000000000000000000000000000000
000000000000000000000000000111111111111111111111111111111111111101000000000000000000000000000000000
000000000000000000000000000111111001111111111111111111111111111011010000000000000000000000000000000
000000000000000000000000001111110001111111111111111111111111111011111000000000000000000000000000000
000000000000000000000000000111100000111111111111111111111111110001110000000000000000000000000000000
000000000000000000000000001111100000011111111111111111111111110000100000000000000000000000000000000
000000000000000000000000011111110000011101000111111111111111111000000000000000000000000000000000000
000000000000000000000000001111100000000000011111111111111111110000000000000000000000000000000000000
000000000000000000000000000101000000000000011111001111111111110000100000000000000000000000000000000
000000000000000000000000000000000000000000111111001011111111111101110000000000000000000000000000000
000000000000000000000000000000000000000000011110000011111011111111111000000000000000000000000000000
000000000000000000000000000000000000000000111110000000011001111111111000000000000000000000000000000
000000000000000000000000000000000000000000011100000000000000011101100000000000000000000000000000000
000000000000000000000000000000000000000000001000000001100000011100100000000000000000000000000000000
000000000000000000000000000000000000000000000000001111100000001100000000000000000000000000000000000
000000000000000000000000000000000000000000000000000111110000000000000000000000000000000000000000000
000000000000000000000000000000000000000000000000000001110000000000000000000000000000000000000000000
000000000000000000000000000000000000000000000000000011100000000000000000000000000000000000000000000
000000000000000000000000000000000000000000000000000001000000000000000000000000000000000000000000000
000000000000000000000000000000000000000000000000000000000000000011111000000000000000000000000000000
000000000000000000000000000000000000000000000000000000000000000111111100000000000000000000000000000
000000000000000000000000000000000000000000000000000000000000000011110000000000000000000000000000000
000000000000000000000000000000000000000000000000000000000000000011110000000000000000000000000000000
000000000000000000000000000000000000000000000000000000000000000001100000000000000000000000000000000
000000000000000000000000000000000000000000000000000000000000000000000000000000000000000000000000000
000000000000000000000000000000000000000000000000000000000000000000000000000000000000000000000000000
000000000000000000000000000000000000000000000000000000000000000000000000000000000000000000000000000
000000000000000000000000000000000000000000000000000000000000000000000000000000000000000000000000000
000000000000000000000000000000000000000000000000000000000000000000000000000000000000000000000000000
000000000000000000000000000000000000000000000000000000000000000000000000000000000000000000000000000
000000000000000000000000000000000000000000000000000000000000000000000000000000000000000000000000000
000000000000000000000000000000000000000000000000000000000000000000000000000000000000000000000000000
000000000000000000000000000000000000000000000000000000000000000000000000000000000000000000000000000
000000000000000000000000000000000000000000000000000000000000000000000000000000000000000000000000000
000000000000000000000000000000000000000000000000000000000000000000000000000000000000000000000000000
000000000000000000000000000000000000000000000000000000000000000000000000000000000000000000000000000
