0000000000000000000000000000000000000000000000000000000000000000000000000000000000000000000000000000000
0000000000000000000000000000000000000000000000000000000000000000000000000000000000000000000000000000000
0000000000000000000000000000000000000000000000000000000000000000000000000000000000000000000000000000000
0000000000000000000000000000000000000000000000000000000000000000000000000000000000000000000000000000000
0000000000000000000000000000000000000000000000000000000000000000000000000000000000000000000000000000000
0000000000000000000000000000000000000000000000000000000000000000000000000000000000000000000000000000000
0000000000000000000000000000000000000000000000000000000000000000000000000000000000000000000000000000000
0000000000000000000000000000000000000000000000000000000000000000000000000000000000000000000000000000000
0000000000000000000000000000000000000000000000000000000000000000000000000000000000000000000000000000000
0000000000000000000000000000000000000000000000000000000000000000000000000000000000000000000000000000000
0000000000000000000000000000000000000000000000000000000000000000000000000000000000000000000000000000000
0000000000000000000000000000000000000000000000000000000000000000000000000000000000000000000000000000000
0000000000000000000000000000000000000000000000000000000000000000000000000000000000000000000000000000000
0000000000000000000000000000000000000000000000000000000000000000000000000000000000000000000000000000000
0000000000000000000000000000000000000000000000000000000000000000000000000000000000000000000000000000000
0000000000000000000000000000000000000000000000000000000000000000000000000000000000000000000000000000000
0000000000000000000000000000000000000000000000000000000000000000000000000000000000000000000000000000000
0000000000000000000000000000000000000000000000000000000000000000000000000000000000000000000000000000000
0000000000000000000000000000000000000000000000000000000000000000000000000000000000000000000000000000000
0000000000000000000000000000000000000000000000000000000000000000000000000000000000000000000000000000000
0000000000000000000000000000000000000000000000000000000000000000000000000000000000000000000000000000000
0000000000000000000000000000000000000000000000000000000000000000000000000000000000000000000000000000000
0000000000000000000000000000000000000000000000000000001000000000000000000000000000000000000000000000000
0000000000000000000000000000000000000000000000000000011100100000000000000000000000000000000000000000000
0000000000000000000000000000000000000000000000000000111111100000000000000000000000000000000000000000000
0000000000000000000000000000000000000000000000000000111111110000000000000000000000000000000000000000000
0000000000000000000000000000000000000000000000000001111111111000000000000000000000000000000000000000000
0000000000000000000000000000000000000000000000000000111111111100000000000000000000000000000000000000000
0000000000000000000000000000000000000000000000000000011111111000000000000000000000000000000000000000000
0000000000000000000000000000000000000000000000000000000000010000000000000000000000000000000000000000000
0000000000000000000000000000000000000000000000000000001000000100000000000000000000000000000000000000000
0000000000000000000000000000000000000000000000000000110000111100000000000000000000000000000000000000000
0000000000000000000000000000000000000000000010101111100000111111000000000000000000000000000000000000000
0000000000000000000000000000000000000000000011111111100000011111000000000000000000000000000000000000000
0000000000000000000000000000000000000000000001111111110000000111100000000000000000000000000000000000000
0000000000000000000000000000000000000000000111111111111000000111000000000000000000000000000000000000000
0000000000000000000000000000000000000000001111111111111000000111000000000000000000000000000000000000000
0000000000000000000000000000000000000000011111111111111000000000000000000000000000000000000000000000000
0000000000000000000000000000000000000000000011111111111100000000000000000000000000000000000000000000000
0000000000000000000000000000000000000000000011111111111110000000000000000000000000000000000000000000000
0000000000000000000000000000000000000000000011111111111110000000000000000000000000000000000000000000000
0000000000000000000000000000000000000000000011111111111110000000000000000000000000000000000000000000000
0000000000000000000000000000000000000000001011111111110100000000000000000000000000000000000000000000000
0000000000000000000000000000000000000000000111111111110000000000000000000000000000000000000000000000000
0000000000000000000000000000000000000000001111111111110000000000000000000000000000000000000000000000000
0000000000000000000000000000000000000000001111111111100000000000000000000000000000000000000000000000000
0000000000000000000000000000000000000000001111111111000000000000000000000000000000000000000000000000000
0000000000000000000000000000000000000001011111111111100000000000000000000000000000000000000000000000000
0000000000000000000000000000000000000011111111111111111001000000000000000000000000000000000000000000000
0000000000000000000000000000000000000000101111111111111100000000000000000000000000000000000000000000000
0000000000000000000000000000000000000000101111111111111110000000000000000000000000000000000000000000000
0000000000000000000000000000000000000000000111111111111111000000000000000000000000000000000000000000000
0000000000000000000000000000000000000000000111111111111111000000000000000000000000000000000000000000000
0000000000000000000000000000000000000000001111111111111111100000000000000000000000000000000000000000000
0000000000000000000000000000000000000000000111111111111110000100000000000000000000000000000000000000000
0000000000000000000000000000000000000000011111111111111100000101100000000000000000000000000000000000000
0000000000000000000000000000000000000000110111111111100101011111100000000000000000000000000000000000000
0000000000000000000000000000000000000000000111111111110000000111000000000000000000000000000000000000000
0000000000000000000000000000000000000000000111111111110000000010000000000000000000000000000000000000000
0000000000000000000000000000000000000000000001111110000000000000000000000000000000000000000000000000000
0000000000000000000000000000000000000000000011111110000000001110000000000000000000000000000000000000000
0000000000000000000000000000000000000000001111111100000001111110000000000000000000000000000000000000000
0000000000000000000000000000000000000000011111111110000000111110000000000000000000000000000000000000000
0000000000000000000000000000000000001010011111111111010000111100000000000000000000000000000000000000000
0000000000000000000000000000000000001110111111111111110000111110000000000000000000000000000000000000000
0000000000000000000000000000000000111111111111111111111100111100000000000000000000000000000000000000000
0000000000000000000000000000000000111111111111111111100000011000000000000000000000000000000000000000000
0000000000000000000000000000000000000011111111111111111100000000000000000000000000000000000000000000000
0000000000000000000000000000000000000111111111111111111000000000011000000000000000000000000000000000000
0000000000000000000000000000000000000001111111111111111000000000111100000000000000000000000000000000000
0000000000000000000000000000000000000011111111111111111100000001111100000000000000000000000000000000000
0000000000000000000000000000000000000011111110011111111110000001111110000000000000000000000000000000000
0000000000000000000000000000000000000001111100000111111110000011111100000000000000000000000000000000000
0000000000000000000000000000000000000000011100000111111111000011111110000000000000000000000000000000000
0000000000000000000000000000000000000000000000000001111111100000111100000000000000000000000000000000000
0000000000000000000000000000000000000000000000000111111111000000011000000000000000000000000000000000000
0000000000000000000000000000000000000000000000000110011110000000000000000000000000000000000000000000000
0000000000000000000000000000000000000000000000001000111000000000000000000000000000000000000000000000000
0000000000000000000000000000000000000000000101000000110000000000000000000000000000000000000000000000000
0000000000000000000000000000000000000000111110000000000000000000000000000000000000000000000000000000000
0000000000000000000000000000000000000000111111000000000000000000000000000000000000000000000000000000000
0000000000000000000000000000000000000000111110000000000001100000000000000000000000000000000000000000000
0000000000000000000000000000000000000000011111000000000111100000000000000000000000000000000000000000000
0000000000000000000000000000000000000000001110000110001111100000000000000000000000000000000000000000000
0000000000000000000000000000000000000000001000000111011111110000000000000000000000000000000000000000000
0000000000000000000000000000000000000000000000001111011111110000000000000000000000000000000000000000000
0000000000000000000000000000000000000000000000001111111111100000000000000000000000000000000000000000000
0000000000000000000000000000000000000000000000000111101111000000000000000000000000000000000000000000000
0000000000000000000000000000000000000000000000000000000000000000000000000000000000000000000000000000000
0000000000000000000000000000000000000000000000000000000000000000000000000000000000000000000000000000000
0000000000000000000000000000000000000000000000000000000000000000000000000000000000000000000000000000000
0000000000000000000000000000000000000000000000000000000000000000000000000000000000000000000000000000000
0000000000000000000000000000000000000000000000000000000000000000000000000000000000000000000000000000000
0000000000000000000000000000000000000000000000000000000000000000000000000000000000000000000000000000000
0000000000000000000000000000000000000000000000000000000000000000000000000000000000000000000000000000000
0000000000000000000000000000000000000000000000000000000000000000000000000000000000000000000000000000000
0000000000000000000000000000000000000000000000000000000000000000000000000000000000000000000000000000000
0000000000000000000000000000000000000000000000000000000000000000000000000000000000000000000000000000000
0000000000000000000000000000000000000000000000000000000000000000000000000000000000000000000000000000000
0000000000000000000000000000000000000000000000000000000000000000000000000000000000000000000000000000000
0000000000000000000000000000000000000000000000000000000000000000000000000000000000000000000000000000000
0000000000000000000000000000000000000000000000000000000000000000000000000000000000000000000000000000000
0000000000000000000000000000000000000000000000000000000000000000000000000000000000000000000000000000000
0000000000000000000000000000000000000000000000000000000000000000000000000000000000000000000000000000000
0000000000000000000000000000000000000000000000000000000000000000000000000000000000000000000000000000000
