0000000000000000000000000000000000000000000000000000000000000000000000
0000000000000000000000000000000000000000000000000000000000000000000000
0000000000000000000000000000000000000000000000000000000000000000000000
0000000000000000000000000000000000000000000000000000000000000000000000
0000000000000000000000000000000000000000000000000000000000000000000000
0000000000000000000000000000000000000000000000000000000000000000000000
0000000000000000000000000000000000000000000000000000000000000000000000
0000000000000000000000000000000000000000000000000000000000000000000000
0000000000000000000000000000000000000000000000000000000000000000000000
0000000000000000000000000000000001100000000000000000000000000000000000
0000000000000000000000000000000011111100000000000000000000000000000000
0000000000000000000000000000000111111110000000000000000000000000000000
0000000000000000000000000000000111111111000000000000000000000000000000
0000000000000000000000000000001111111111000000000000000000000000000000
0000000000000000000000000011011111111111000000000000000000000000000000
0000000000000000000000000011111111111110000000000000000000000000000000
0000000000000000000000000011111111111100000000000000000000000000000000
0000000000000000000000011011111111111111100000000000000000000000000000
0000000000000000000000111111111111111111100000000000000000000000000000
0000000000000000001001111111111111111111001000000000000000000000000000
0000000000000000011111111111111111111111101110000000000000000000000000
0000000000000000000011111111111111111111101111100000000000000000000000
0000000000000000000111111111111111111111111111000000000000000000000000
0000000000000000010111111111111111111111111101110000000000000000000000
0000000000000000001111111111111111111111111100010000000000000000000000
0000000000000000001111111111111111111111111100000000000000000000000000
0000000000000000000111111111111111111111111111100001000000000000000000
0000000000000001101111111111111111111111111110000000000000000000000000
0000000000000011111111111111111111111111111110011110000000000000000000
0000000000000001111111111111111111111111111111111110000000000000000000
0000000000000000111111111111111111111111111111111111000000000000000000
0000000000000000011111111111111111111111111111111100000000000000000000
0000000000000000011111111111111111111111111111111101010000000000000000
0000000000000011111111111111111111111111111111111101010000000000000000
0000000000000001111111111111111111111111111111111111000000000000000000
0000000000000001111111111111111111111111111111111110000000000000000000
0000000000000000111111111111111111111111111111111110000000000000000000
0000000000000010111111111111111111111111111111111111000000000000000000
0000000000000001110111111111111111111111111111111111010100000000000000
0000000000000110000111111111111111111111111111111111111110000000000000
0000000000000000001111111111111111111111111111111111111100000000000000
0000000000000000011111111111111111111111111111111111111110000000000000
0000000000000000011111111111111111111111111111111111111111100000000000
0000000000000000000111111111111111111111111111111111111111000000000000
0000000000000000000111111111111111111111111111111100001111000000000000
0000000000000000000111111111111111111111111111111111000100000000000000
0000000000000000001111111111111111111111111111111111000000000000000000
0000000000000000000111111111111111111111111111111100000000000000000000
0000000000000000011111111111111111111111111111110000000000000000000000
0000000000000000111111111111111111111111111111111000000000000000000000
0000000000000000011111111111111111111111111111111100000000000000000000
0000000000000000111111111111111111111111111111111101000000000000000000
0000000000000000111011000111111111111111111111111111100000000000000000
0000000000000000010001100111111111111111111111111111000000000000000000
0000000000000000000000000011111111111111111111111110000000000000000000
0000000000000000000000000001101111111111110011111111000000000000000000
0000000000000000000000000001001111101111100011011111000000000000000000
0000000000000000000000000001000010000111000010001111000000000000000000
0000000000000000000000000000000100000011000000000110000000000000000000
0000000000000000000000000000000000000000000000000000000000000000000000
0000000000000000000000000000000000000000000000000000000000000000000000
0000000000000000000000000000000000000000000000000000000000000000000000
0000000000000000000000000000000000000000000000000000000000000000000000
0000000000000000000000000000000000000000000000000000000000000000000000
0000000000000000000000000000000000000000000000000000000000000000000000
0000000000000000000000000000000000000000000000000000000000000000000000
0000000000000000000000000000000000000000000000000000000000000000000000
0000000000000000000000000000000000000000000000000000000000000000000000
0000000000000000000000000000000000000000000000000000000000000000000000
0000000000000000000000000000000000000000000000000000000000000000000000
0000000000000000000000000000000000000000000000000000000000000000000000
0000000000000000000000000000000000000000000000000000000000000000000000
0000000000000000000000000000000000000000000000000000000000000000000000
0000000000000000000000000000000000000000000000000000000000000000000000
