img\Paciente 6.jpg
280 43 377 182
0000000000000000000000000000000000000000000000000000000000000000000000000000000000000000000000000
0000000000000000000000000000000000000000000000000000000000000000000000000000000000000000000000000
0000000000000000000000000000000000000000000000000000000000000000000000000000000000000000000000000
0000000000000000000000000000000000000000000000000000000000000000000000000000000000000000000000000
0000000000000000000000000000000000000000000000000000000000000000000000000000000000000000000000000
0000000000000000000000000000000000000000000000000000000000000000000000000000000000000000000000000
0000000000000000000000000000000000000000000000000000000000000000000000000000000000000000000000000
0000000000000000000000000000000000000000000000000000000000000000000000000000000000000000000000000
0000000000000000000000000000000000000000000000000000000000000000000000000000000000000000000000000
0000000000000000000000000000000000000000000000000000000000000000000000000000000000000000000000000
0000000000000000000000000000000000000000000000000000000000000000000000000000000000000000000000000
0000000000000000000000000000000000000000000000000000000000000000000000000000000000000000000000000
0000000000000000000000000000000000000000000000000000000000000000000000000000000000000000000000000
0000000000000000000000000000000000000000000000000000000000000000000000000000000000000000000000000
0000000000000000000000000000000000000000000000000000000000000000000000000000000000000000000000000
0000000000000000000000000000000000000000000000000000000000000000000000000000000000000000000000000
0000000000000000000000000000000000000000000000000000000000000000000000000000000000000000000000000
0000000000000000000000000000000000000000000000000000000000000000000000000000000000000000000000000
0000000000000000000000000000000000000000000000000000000000000000000000000000000000000000000000000
0000000000000000000000000000000000000000000000000000000000000000000000000000000000000000000000000
0000000000000000000000000000000000000000000000000000000000000000000000000000000000000000000000000
0000000000000000000000000000000000000000000000000000000000000000000000000000000000000000000000000
0000000000000000000000000000000000000000000000000000000000000000000000000000000000000000000000000
0000000000000000000000000000000000000000000000000000000000000000000000000000000000000000000000000
0000000000000000000000000000000000000000000000000000000000000000000000000000000000000000000000000
0000000000000000000000000000000000000000000000000000000000000000000000000000000000000000000000000
0000000000000000000000000000000000000000000000000000000000000000000000000000000000000000000000000
0000000000000000000000000000000000000000000000000000000000000000000000000000000000000000000000000
0000000000000000000000000000000000000000000000000000000000000000000000000000000000000000000000000
0000000000000000000000000000000000000000000000000000000000000000000000000000000000000000000000000
0000000000000000000000000000000000000000000000000000000000000000000000000000000000000000000000000
0000000000000000000000000000000000000000000000000000000000000000000000000000000000000000000000000
0000000000000000000000000000000000000000000000000000000000000000000000000000000000000000000000000
0000000000000000000000000000000000000000000000000000000000000000000000000000000000000000000000000
0000000000000000000000000000000000000000000000000000000000000000000000000000000000000000000000000
0000000000000000000000000000000000000000000000000000000000000111100000000000000000000000000000000
0000000000000000000000000000000000000000000000000000000000001111110000000000000000000000000000000
0000000000000000000000000000000000000000000000000000000000011111111000000000000000000000000000000
0000000000000000000000000000000000000000000000000000000000111111111000000000000000000000000000000
0000000000000000000000000000000000000000000000000000000001111111111100000000000000000000000000000
0000000000000000000000000000000000000000000000000000000000111111111100000000000000000000000000000
0000000000000000000000000000000000000000000000000000000000111111111100000000000000000000000000000
0000000000000000000000000000000000000000000000000000000000111111111100000000000000000000000000000
0000000000000000000000000000000000000000000000000000111001111111111100000000000000000000000000000
0000000000000000000000000000000000000000000000000001111111111111111110000000000000000000000000000
0000000000000000000000000000000000000000000000000011111111111111111110000000000000000000000000000
0000000000000000000000000000000000000000000000000111111111111111111111000000000000000000000000000
0000000000000000000000000000000000000000000000000111111111111111111111111110000000000000000000000
0000000000000000000000000000000000000000000000001111111111111111111111111111110000000000000000000
0000000000000000000000000000000000000000000000011111111111111111111111111111111100000000000000000
0000000000000000000000000000000000000000000000011111111111111111111111111111111100000000000000000
0000000000000000000000000000000000000000000000111111111111111111111111111111111100000000000000000
0000000000000000000000000000000000000000000001111111111111111111111111111111111100000000000000000
0000000000000000000000000000000000000000000001111111111111111111111111111111111100000000000000000
0000000000000000000000000000000000000000000001111111111111111111111111111111111000000000000000000
0000000000000000000000000000000000000000000011111111111111111111111111111111110000000000000000000
0000000000000000000000000000000000000000000011111111111111111111111111111111100000000000000000000
0000000000000000000000000000000000000000000111111111111111111111111111111110000000000000000000000
0000000000000000000000000000000000000000001111111111111111111111111111111110000000000000000000000
0000000000000000000000000000000000000000011111111111111111111111000011111100000000000000000000000
0000000000000000000000000000000000000000111111111111111111111110000011111100000000000000000000000
0000000000000000000000000000000000000001111111111111111111111110000011111100000000000000000000000
0000000000000000000000000000000000000001111111111111111111111100000111111000000000000000000000000
0000000000000000000000000000000000000011111111111111111111111100000111111000000000000000000000000
0000000000000000000000000000000000000011111111111111111111111100000111110000000000000000000000000
0000000000000000000000000000000000000011111111111111111111111000000111000000000000000000000000000
0000000000000000000000000000000000000111111111111111111111110000001110000000000000000000000000000
0000000000000000000000000000000000000111111111111111111111110000001100000000000000000000000000000
0000000000000000000000000000000000000111111111111111111111110000000000000000000000000000000000000
0000000000000000000000000000000000001111111111111111111111100000000000000000000000000000000000000
0000000000000000000000000000000000001111111111111111111111100000000000000000000000000000000000000
0000000000000000000000000000000000001111111111111111111111000000000000000000000000000000000000000
0000000000000000000000000000000000001111111111111111111111000000000000000000000000000000000000000
0000000000000000000000000000000000001111111111111111111111000000000000000000000000000000000000000
0000000000000000000000000000000000001111111111111111111110000000000000000000000000000000000000000
0000000000000000000000000000000000000111111111111111111100000000000000000000000000000000000000000
0000000000000000000000000000000000000111111111111111110000000000000000000000000000000000000000000
0000000000000000000000000000000000000011111111111111100000000000000000000000000000000000000000000
0000000000000000000000000000000000000001111111111111000000000000000000000000000000000000000000000
0000000000000000000000000000000000000000111111111100000000000000000000000000000000000000000000000
0000000000000000000000000000000000000000000000000000000000000000000000000000000000000000000000000
0000000000000000000000000000000000000000000000000000000000000000000000000000000000000000000000000
0000000000000000000000000000000000000000000000000000000000000000000000000000000000000000000000000
0000000000000000000000000000000000000000000000000000000000000000000000000000000000000000000000000
0000000000000000000000000000000000000000000000000000000000000000000000000000000000000000000000000
0000000000000000000000000000000000000000000000000000000000000000000000000000000000000000000000000
0000000000000000000000000000000000000000000000000000000000000000000000000000000000000000000000000
0000000000000000000000000000000000000000000000000000000000000000000000000000000000000000000000000
0000000000000000000000000000000000000000000000000000000000000000000000000000000000000000000000000
0000000000000000000000000000000000000000000000000000000000000000000000000000000000000000000000000
0000000000000000000000000000000000000000000000000000000000000000000000000000000000000000000000000
0000000000000000000000000000000000000000000000000000000000000000000000000000000000000000000000000
0000000000000000000000000000000000000000000000000000000000000000000000000000000000000000000000000
0000000000000000000000000000000000000000000000000000000000000000000000000000000000000000000000000
0000000000000000000000000000000000000000000000000000000000000000000000000000000000000000000000000
0000000000000000000000000000000000000000000000000000000000000000000000000000000000000000000000000
0000000000000000000000000000000000000000000000000000000000000000000000000000000000000000000000000
0000000000000000000000000000000000000000000000000000000000000000000000000000000000000000000000000
0000000000000000000000000000000000000000000000000000000000000000000000000000000000000000000000000
0000000000000000000000000000000000000000000000000000000000000000000000000000000000000000000000000
0000000000000000000000000000000000000000000000000000000000000000000000000000000000000000000000000
0000000000000000000000000000000000000000000000000000000000000000000000000000000000000000000000000
0000000000000000000000000000000000000000000000000000000000000000000000000000000000000000000000000
0000000000000000000000000000000000000000000000000000000000000000000000000000000000000000000000000
0000000000000000000000000000000000000000000000000000000000000000000000000000000000000000000000000
0000000000000000000000000000000000000000000000000000000000000000000000000000000000000000000000000
0000000000000000000000000000000000000000000000000000000000000000000000000000000000000000000000000
0000000000000000000000000000000000000000000000000000000000000000000000000000000000000000000000000
0000000000000000000000000000000000000000000000000000000000000000000000000000000000000000000000000
0000000000000000000000000000000000000000000000000000000000000000000000000000000000000000000000000
0000000000000000000000000000000000000000000000000000000000000000000000000000000000000000000000000
0000000000000000000000000000000000000000000000000000000000000000000000000000000000000000000000000
0000000000000000000000000000000000000000000000000000000000000000000000000000000000000000000000000
0000000000000000000000000000000000000000000000000000000000000000000000000000000000000000000000000
0000000000000000000000000000000000000000000000000000000000000000000000000000000000000000000000000
0000000000000000000000000000000000000000000000000000000000000000000000000000000000000000000000000
0000000000000000000000000000000000000000000000000000000000000000000000000000000000000000000000000
0000000000000000000000000000000000000000000000000000000000000000000000000000000000000000000000000
0000000000000000000000000000000000000000000000000000000000000000000000000000000000000000000000000
0000000000000000000000000000000000000000000000000000000000000000000000000000000000000000000000000
0000000000000000000000000000000000000000000000000000000000000000000000000000000000000000000000000
0000000000000000000000000000000000000000000000000000000000000000000000000000000000000000000000000
0000000000000000000000000000000000000000000000000000000000000000000000000000000000000000000000000
0000000000000000000000000000000000000000000000000000000000000000000000000000000000000000000000000
0000000000000000000000000000000000000000000000000000000000000000000000000000000000000000000000000
0000000000000000000000000000000000000000000000000000000000000000000000000000000000000000000000000
0000000000000000000000000000000000000000000000000000000000000000000000000000000000000000000000000
0000000000000000000000000000000000000000000000000000000000000000000000000000000000000000000000000
0000000000000000000000000000000000000000000000000000000000000000000000000000000000000000000000000
0000000000000000000000000000000000000000000000000000000000000000000000000000000000000000000000000
0000000000000000000000000000000000000000000000000000000000000000000000000000000000000000000000000
0000000000000000000000000000000000000000000000000000000000000000000000000000000000000000000000000
0000000000000000000000000000000000000000000000000000000000000000000000000000000000000000000000000
0000000000000000000000000000000000000000000000000000000000000000000000000000000000000000000000000
0000000000000000000000000000000000000000000000000000000000000000000000000000000000000000000000000
0000000000000000000000000000000000000000000000000000000000000000000000000000000000000000000000000
0000000000000000000000000000000000000000000000000000000000000000000000000000000000000000000000000
0000000000000000000000000000000000000000000000000000000000000000000000000000000000000000000000000
0000000000000000000000000000000000000000000000000000000000000000000000000000000000000000000000000
