0000000000000000000000000000000000000000000000000000000000000000000000000000000000000000000000000000000
0000000000000000000000000000000000000000000000000000000000000000000000000000000000000000000000000000000
0000000000000000000000000000000000000000000000000000000000000000000000000000000000000000000000000000000
0000000000000000000000000000000000000000000000000000000000000000000000000000000000000000000000000000000
0000000000000000000000000000000000000000000000000000000000000000000000000000000000000000000000000000000
0000000000000000000000000000000000000000000000000000000000000000000000000000000000000000000000000000000
0000000000000000000000000000000000000000000000000000000000000000000000000000000000000000000000000000000
0000000000000000000000000000000000000000000000000000000000000000000000000000000000000000000000000000000
0000000000000000000000000000000000000000000000000000000000000000000000000000000000000000000000000000000
0000000000000000000000000000000000000000000000000000000000000000000000000000000000000000000000000000000
0000000000000000000000000000000000000000000000000000000000000000000000000000000000000000000000000000000
0000000000000000000000000000000000000000000000000000000000000000000000000000000000000000000000000000000
0000000000000000000000000000000000000000000000000000000000000000000000000000000000000000000000000000000
0000000000000000000000000000000000000000000000000000000000000000000000000000000000000000000000000000000
0000000000000000000000000000000000000000000000000000000000000000000000000000000000000000000000000000000
0000000000000000000000000000000000000000000000000000000000000000000000000000000000000000000000000000000
0000000000000000000000000000000000000000000000000000000000000000000000000000000000000000000000000000000
0000000000000000000000000000000000000000000000100000000000000000100000000000000000000000000000000000000
0000000000000000000000000000000000001100000101111100000000000001110000000000000000000000000000000000000
0000000000000000000000000000000000000110001111111110000000000011111000000000000000000000000000000000000
0000000000000000000000000000000000011111011111111111000000000001110000000000000000000000000000000000000
0000000000000000000011010000000000001111001111111110000000000000100000000000000000000000000000000000000
0000000000000000000000111000000000000110011111111100000000000000000000010000000000000000000000000000000
0000000000000000000011111100000000000000001101110000000000000000000000111100000000000000000000000000000
0000000000000000000011111100000000000000000000100100000000000000000001111100000000000000000000000000000
0000000000000000000011111000000000000000000001111100000010000000100001111111000000000000000000000000000
0000000000000000000001111100000000000000000000111100000010000000000000011100000000000000000000000000000
0000000000000000000000101000000000000000000011111100001111011111101000011000000000000000000000000000000
0000000000000000000000001000000000001010000011111111111110011111111000000000000000000000000000000000000
0000000000000000000000000000000001001111011111111111111111111111111100000010000000000000000000000000000
0000000000000000000000000000100000001111111111111111111111111111111100000111000000000000000000000000000
0000000000000000000000000000001111011111111111111111111111111111111000000111100000000000000000000000000
0000000000000000000000000000001111111111111111111111111111111111111110001111110000000000000000000000000
0000000000000000000000000000111111111111111111111111111111111111111111100111111000000000000000000000000
0000000000000000000000000011111111111111111111111111111111111111111111110011110000000000000000000000000
0000000000000000000000000011111111111111111111111111111111111111111111110011111100000000000000000000000
0000000000000000001000000111111111111111111111111111111111111111111111000111111000000000000000000000000
0000000000000000001010000111111111111111111111111111111111111111111110000000110000000000000000000000000
0000000000000000011110001111111111111111111111111111111111111111111100000000000000000000000000000000000
0000000000000000111111000101111111111111111111111111111111111111111100000000000000000000000000000000000
0000000000000000001111000101111111111111111111111111111111111111111100000000000000000000000000000000000
0000000000000000011110000001111111111111111111111111111111111111111000000000000000000000000000000000000
0000000000000000000000000000111111111111111111111111111111111111111010010000000000001000000000000000000
0000000000000000000000000000101111111111111111111111111111111111111011110000000000011100000000000000000
0000000000000000000000000000001111111111111111111111111111111111111111110000000000111110000000000000000
0000000000000000000000000000011111111111111111111111111111111111111111111000000000011110000000000000000
0000000000000000000000000000000111111111111111111111111111111111111111111000000000011000000000000000000
0000000000000000000000000000000011111111111111111111111111111111111111111111000000000000000000000000000
0000000000000000000000000000000001111111111111111111111111111111111111111111000000000000000000000000000
0000000000000000000000000000000001111111111111111111111111111111111111111111000000000000000000000000000
0000000000000000000000000000000011111111111111111111111111111111111111111100000000000000000000000000000
0000000000000000000000000000000011111111111111111111111111111111111111111100000000000000000000000000000
0000000000000000000000000000000001111111111111111111111111111111111100000000000000000000000000000000000
0000000000000000000000000000000000011111111111111111111111101110011111100000000000000000000000000000000
0000000000000000000000000000000000011111111111111111111110101100000011000000000000000000000000000000000
0000000000000000000000000000000011111111111111111111110010001000001000000000000000000000000000000000000
0000000000000000000000000000000000111111111111111111110000000000000001000000000000000000000000000000000
0000000000000000000000000000000001111111111111111110000000000000000001000000000000000000000000000000000
0000000000000000000000000000000011111111111111111110000000000000000111100000000000000000000000000000000
0000000000000000000000000000000000001111111111111000000000000000000111110000000000000000000000000000000
0000000000000000000000000000000010011111111111111000000000000000000110000000000000000000000000000000000
0000000000000000000000000000000101111111111000110000000000000000000110000000000000000000000000000000000
0000000000000000000000000000001100111111110100110000000000000000000000000000000000000000000000000000000
0000000000000000000000000000001000001111110000000000000000000000000000000000000000000000000000000000000
0000000000000000000000000000001000001111110000000000001100000000000000000000000000000000000000000000000
0000000000000000000000001000000000000011110000000000011110000000000000000000000000000000000000000000000
0000000000000000000000011100000000000011001000000001111110000000000000000000000000000000000000000000000
0000000000000000000000000110000000000010011000000001111110000000000000000000000000000000000000000000000
0000000000000000000000011100000000000000000000000000111000000000000000000000000000000000000000000000000
0000000000000000000000000000000000000000000000000000011000000000000000000000000000000000000000000000000
0000000000000000000000000000000000000000000000000000000000000000000000000000000000000000000000000000000
0000000000000000000000000000000000000000000000000000000000000000000000000000000000000000000000000000000
0000000000000000000000000000000000000000000000000000000000000000000000000000000000000000000000000000000
0000000000000000000000000000000000000000000000000000000000000000000000000000000000000000000000000000000
0000000000000000000000000000000000000000000000000000000000000000000000000000000000000000000000000000000
0000000000000000000000000000000000000000000000000000000000000000000000000000000000000000000000000000000
0000000000000000000000000000000000000000000000000000000000000000000000000000000000000000000000000000000
0000000000000000000000000000000000000000000000000000000000000000000000000000000000000000000000000000000
0000000000000000000000000000000000000000000000000000000000000000000000000000000000000000000000000000000
0000000000000000000000000000000000000000000000000000000000000000000000000000000000000000000000000000000
0000000000000000000000000000000000000000000000000000000000000000000000000000000000000000000000000000000
0000000000000000000000000000000000000000000000000000000000000000000000000000000000000000000000000000000
0000000000000000000000000000000000000000000000000000000000000000000000000000000000000000000000000000000
0000000000000000000000000000000000000000000000000000000000000000000000000000000000000000000000000000000
0000000000000000000000000000000000000000000000000000000000000000000000000000000000000000000000000000000
0000000000000000000000000000000000000000000000000000000000000000000000000000000000000000000000000000000
0000000000000000000000000000000000000000000000000000000000000000000000000000000000000000000000000000000
0000000000000000000000000000000000000000000000000000000000000000000000000000000000000000000000000000000
0000000000000000000000000000000000000000000000000000000000000000000000000000000000000000000000000000000
0000000000000000000000000000000000000000000000000000000000000000000000000000000000000000000000000000000
0000000000000000000000000000000000000000000000000000000000000000000000000000000000000000000000000000000
0000000000000000000000000000000000000000000000000000000000000000000000000000000000000000000000000000000
0000000000000000000000000000000000000000000000000000000000000000000000000000000000000000000000000000000
0000000000000000000000000000000000000000000000000000000000000000000000000000000000000000000000000000000
0000000000000000000000000000000000000000000000000000000000000000000000000000000000000000000000000000000
0000000000000000000000000000000000000000000000000000000000000000000000000000000000000000000000000000000
