2222222222222222222222222222222222222222000000000000000000000000000000000000000000000000000000000
2222222222222222222222222222222222222200000000000000000000000000000000000000000000000000000000000
2222222222222222222222222222222222222000000000000000000000000000000000000000000000000000000000000
2222222222222222222222222222222222220000000000000000000000000000000000000000000000000000000000000
2222222222222222222222222222222222220000000000000000000000000000000000000000000000000000000000000
2222222222222222222222222222222222220000000000000000000000000000000000000000000000000000000000000
2222222222222222222222222222222222200000000000000000000000000000000000000000000000000000000000000
2222222222222222222222222222222220000000000000000000000000000000000000000000000000000000000000000
2222222222222222222222222222222220000000000000000000000000000000000000000000000000000000000000000
2222222222222222222222222222222200000000000000000000000000000000000000000000000000000000000000000
2222222222222222222222222222222000000000000000000000000000000000000000000000000000000000000000000
2222222222222222222222222222222000000000000000000000000000000000000000000000000000000000000000000
2222222222222222222222222222220000000000000000000000000000000111110000000000000000000000000000000
2222222222222222222222222222200000000000000000000000000000011111110000000000000000000000000000000
2222222222222222222222222222200000000000000000000000000000111111110000000000000000000000000000000
2222222222222222222222222222000000000000000000000000000111111111110000000000000000000000000000000
2222222222222222222222222222000000000000000000000000001111111111110000000000000000000000000000000
2222222222222222222222222220000000000000000000000000011111111111111000000000000000000000000000000
2222222222222222222222222200000000000000000000000000011111111111111100000000000000000000000000000
2222222222222222222222222200000000000000000000000000111111111111111111100000000000000000000000000
2222222222222222222222222000000000000000000000000001111111111111111111111111111000000000000000000
2222222222222222222222222000000000000000000000000011111111111111111111111111111000000000000000000
2222222222222222222222222000000000000000000000001111111111111111111111111111111000000000000000000
2222222222222222222222220000000000000000000000011111111111111111111111111111111000000000000000000
2222222222222222222222200000000000000000000000011111111111111111111111111111111000000000000000000
2222222222222222222222200000000000000000000000111111111111111111111111111111111000000000000000000
2222222222222222222222000000000000000000000000111111111111111111111111111111111000000000000000000
2222222222222222222220000000000000000000000001111111111111111111111111111111111000000000000000000
2222222222222222222220000000000000000000000011111111111111111111111111111111110000000000000000000
2222222222222222222220000000000000000000000011111111111111111111111111111111100000000000000000000
2222222222222222222220000000000000000000000111111111111111111111111111111111110000000000000000000
2222222222222222222200000000000000000000011111111111111111111111111111111111100000000000000000000
2222222222222222222200000000000000000001111111111111111111111111111111111111100000000000000000000
2222222222222222222200000000000000000011111111111111111111111111111111111111110000000000000000000
2222222222222222222000000000000000000111111111111111111111111111111111111111111000000000000000000
2222222222222222222000000000000000001111111111111111111111111111111111111111110000000000000000000
2222222222222222222000000000000000011111111111111111111111111111111111111111110000000000000000000
2222222222222222222000000000000000011111111111111111111111111111111111111111110000000000000000000
2222222222222222220000000000000000111111111111111111111111111111111111111111100000000000000000000
2222222222222222220000000000000000111111111111111111111111111111111111111111100000000000000000000
2222222222222222220000000000000001111111111111111111111111111111111111111111100000000000000000000
2222222222222222200000000000000001111111111111111111111111111111111111111111000000000000000000000
2222222222222222200000000000000001111111111111111111111111111111111111111110000000000000000000000
2222222222222222200000000000000001111111111111111111111111111111111111111100000000000000000000000
2222222222222220000000000000000000111111111111111111111111111111111111111100000000000000000000000
2222222222222200000000000000000001111111111111111111111111111111111111111100000000000000000000000
2222222222222000000000000000000001111111111111111111111111111111111111111000000000000000000000000
2222222222222000000000000000000011111111111111111111111111111111111111111000000000000000000000000
2222222222220000000000000000000011111111111111111111111111111111111111111000000000000000000000000
2222222222220000000000000000000111111111111111111111111111111111111111100000000000000000000000000
2222222222220000000000000000000111111111111111111111111111111111111111100000000000000000000000000
2222222222220000000000000000000111111111111111111111111111111111111111000000000000000000000000000
2222222222220000000000000000001111111111111111111111111111111111111111000000000000000000000000000
2222222222220000000000000000001111111111111111111111111111111111111111000000000000000000000000000
2222222222200000000000000000001111111111111111111111111111111111111111000000000000000000000000000
2222222222200000000000000000011111111111111111111111111111111111111111000000000000000000000000000
2222222222000000000000000000111111111111111111111111111111111111111111100000000000000000000000000
2222222222000000000000000011111111111111111111111111111111111111111111110000000000000000000000000
2222222222000000000000000011111111111111111111111111111111111111111111111000000000000000000000000
2222222220000000000000000011111111111111111111111111111111111111111111111100000000000000000000000
2222222220000000000000000111111111111111111111111111111111111111111111111110000000000000000000000
2222222220000000000000000111111111111111111111111111111111111111111111111111000000000000000000000
2222222220000000000000000111111111111111111111111111111111111111111111111111100000000000000000000
2222222220000000000000001111111111111111111111111111111111111111111111111111110000000000000000000
2222222220000000000000001111111111111111111111111111111111111111111111111111110000000000000000000
2222222200000000000000001111111111111111111111111111111111111111111111111111110000000000000000000
2222222200000000000000001111111111111111111111111111111111111111111111111111111000000000000000000
2222222000000000000000001111111111111111111111111111111111111111111111111111111000000000000000000
2222222000000000000000001111111111111111111111111111111111111111111111111111111000000000000000000
2222222000000000000000011111111111111111111111111111111111111111111111111111111000000000000000000
2222220000000000000000001111111111111111111111111111111111111111111111111111111100000000000000000
2222220000000000000000000111111111111111111111111111111111111111111111111111111100000000000000000
2222220000000000000000000111111111111111111111111111111111111111111111111111111100000000000000000
2222220000000000000000000011111111111111111111111111111111111111111111111111111100000000000000000
2222200000000000000000000111111111111111111111111111111111111111111111111111111110000000000000000
2222200000000000000000001111111111111111111111111111111111111111111111111111111110000000000000000
2222200000000000000000001111111111111111111111111111111111111111111111111111111110000000000000000
2222200000000000000000001111111111111111111111111111111111111111111111111111111110000000000000000
2222200000000000000000000111111111111111111111111111111111111111111111111111111110000000000000000
2222200000000000000000000011111111111111111111111111111111111111111111111111111111000000000000000
2222000000000000000000000000111111111111111111111111111111111111111111111111111111000000000000000
2222000000000000000000000000111111111111111111111111111111111111111111111111111111000000000000000
2222000000000000000000000000111111111111111111111111111111111111111111111111111111000000000000000
2222000000000000000000000001111111111111111111111111111111111111111111111111111111100000000000000
2222000000000000000000000011111111111111111111111111111111111111111111111111111111100000000000000
2222000000000000000000000011111111111111111111111111111111111111111111111111111111110000000000000
2222000000000000000000000011111111111111111111111111111111111111111111111111111111111000000000000
2222000000000000000000000011111111111111111111111111111111111111111111111111111111111000000000000
2222000000000000000000000111111111111111111111111111111111111111111111111111111111111100000000000
2222000000000000000000000111111111111111111111111111111111111111111111111111111111111100000000000
2222000000000000000000000111111111111111111111111111111111111111111111111111111111111110000000000
2222000000000000000000001111111111111111111111111111111111111111111111111111110001111100000000000
2220000000000000000000001111111111111111111111111111111111111111111111111111110000000000000000000
2220000000000000000000001111111111111111111111111111111111111111111111111111110000000000000000000
2220000000000000000000001111111111111111111111111111111111111111111111111111110000000000000000000
2220000000000000000000111111111111111111111111111111111111111111111111111111111000000000000000000
2200000000000000000001111111111111111111111111111111111111111111111111111111111000000000000000000
2200000000000000000001111111111111111111111111111111111111111111111111111111111000000000000000000
2200000000000000000001111111111111111111111111111111111111111111111111111111111000000000000000000
2200000000000000000001111111111111111111111111111111111111111111111111111111100000000000000000000
2200000000000000000001111111111111111111111111111111111111111111111111111111000000000000000000000
2200000000000000000001111111111111111111111111111111111111111111111111111111000000000000000000000
2200000000000000000001111111111111111111111111111111111111111111111111111111000000000000000000000
2000000000000000000001111111111111111111111111111111111111111111111111111111110000000000000000000
2000000000000000000001111111111111111111111111111111111111111111111111111111110000000000000000000
2000000000000000000001111111111111111111111111111111111111111111111111111001000000000000000000000
0000000000000000000001111111111111111111111111111111111111111111111111111000000000000000000000000
0000000000000000000000111111111111111111111111111111111111111111111111110000000000000000000000000
0000000000000000000000111111111111111111111111111111111111111111111110000000000000000000000000000
0000000000000000000001111111111111111111111111111111111111111111110000000000000000000000000000000
0000000000000000000001111111111111111111111111111111111111111111111100000000000000000000000000000
0000000000000000000001111111111111111111111111111111111111111111111100000000000000000000000000000
0000000000000000000000111111111111111111111111111111111111111111111100000000000000000000000000000
0000000000000000000000111111111111111111111111111111111111111111111100000000000000000000000000000
0000000000000000000000011111111111111111111111111111111111111111111000000000000000000000000000000
0000000000000000000000001111111111111111111111111111111111111111000000000000000000000000000000000
0000000000000000000000000111111111111111111111111111111111111111000000000000000000000000000000000
0000000000000000000000000011111111111111111111111111111111111100000000000000000000000000000000000
0000000000000000000000000000111111111111111111111111111111111000000000000000000000000000000000000
0000000000000000000000000000011111111111111111111111111111100000000000000000000000000000000000000
0000000000000000000000000000011111111111111111111111111111000000000000000000000000000000000000000
0000000000000000000000000000011111111111111111111111111111000000000000000000000000000000000000000
0000000000000000000000000000000000111111111111111111111111000000000000000000000000000000000000000
0000000000000000000000000000000000011111111111111111111111000000000000000000000000000000000000000
0000000000000000000000000000000000011111111111111111111111000000000000000000000000000000000000000
0000000000000000000000000000000000011111111111111111111111000000000000000000000000000000000000000
0000000000000000000000000000000000011111110000111111111111000000000000000000000000000000000000000
0000000000000000000000000000000000001111000000111111110000000000000000000000000000000000000000000
0000000000000000000000000000000000000000000000000111100000000000000000000000000000000000000000000
0000000000000000000000000000000000000000000000000010000000000000000000000000000000000000000000000
0000000000000000000000000000000000000000000000000000000000000000000000000000000000000000000000000
0000000000000000000000000000000000000000000000000000000000000000000000000000000000000000000000000
0000000000000000000000000000000000000000000000000000000000000000000000000000000000000000000000000
0000000000000000000000000000000000000000000000000000000000000000000000000000000000000000000000000
0000000000000000000000000000000000000000000000000000000000000000000000000000000000000000000000000
0000000000000000000000000000000000000000000000000000000000000000000000000000000000000000000000000
0000000000000000000000000000000000000000000000000000000000000000000000000000000000000000000000000
0000000000000000000000000000000000000000000000000000000000000000000000000000000000000000000000000
0000000000000000000000000000000000000000000000000000000000000000000000000000000000000000000000000
